145 0 0 255
229 0 0 255
255 145 0 255
255 255 0 255
0 255 6 255
0 127 63 255
57 180 74 255
10 10 230 255
115 50 161 255
DIV: Standard

191 46 123 255
99 0 30 255
230 87 20 255
255 215 0 255
0 62 20 255
34 69 78 255
45 155 255 255
0 24 96 255
54 0 95 255
DIV: Rich

238 196 182 255
166 65 65 255
160 66 22 255
231 205 88 255
161 209 23 255
77 122 38 255
50 95 60 255
105 145 170 255
51 51 114 255
DIV: Muted

255 186 199 255
255 255 125 255
202 255 161 255
138 178 141 255
100 181 181 255
149 207 255 255
167 169 226 255
107 98 175 255
150 112 175 255
DIV: Soft

255 232 212 255
229 205 180 255
183 170 154 255
215 164 115 255
160 120 80 255
158 69 40 255
115 73 45 255
85 45 25 255
45 25 0 255
DIV: Naturals

255 255 255 255
225 225 225 255
191 191 191 255
128 128 128 255
50 50 50 255
0 0 0 255
255 255 255 64
216 216 216 178
0 0 0 178
DIV: Greyscale

200 0 0 178
255 127 0 178
255 255 0 178
0 255 0 178
77 122 38 190
0 24 96 185
140 178 255 178
45 155 255 178
56 17 0 214
DIV: Transparent

